list(Nobs=1.00000E+02, Ntissue=5.00000E+00, Nomics=1.00000E+01, Ndrugs=5.00000E+00, x= structure(.Data= c(1.84749E+00, -1.17294E+00, 7.46117E-01, -4.35976E-01, 5.84562E-01, -1.94711E-01, 1.71173E+00, -1.29273E+00, -1.39929E+00, 2.96710E-01, 1.33295E+00, -2.27138E-01, 6.63082E-01, 1.30126E+00, 4.37014E-01, 6.38277E-01, -3.62757E-01, 7.45475E-02, -3.54589E-01, 2.14420E-01, -1.03815E+00, -5.96492E-01, 1.61565E+00, 1.58091E+00, -2.79542E-01, 8.09141E-01, -1.75688E+00, 1.94247E-01, 1.56813E+00, -4.00186E-01, 9.74283E-01, 8.54751E-01, -2.83331E+00, 1.06132E+00, -6.75772E-01, 2.10586E-01, -1.85792E+00, -6.54512E-01, 7.35382E-01, -6.04951E-02, -4.43796E-02, 1.28927E+00, 9.99495E-02, 7.28520E-01, -9.62616E-01, -1.29836E+00, -5.30935E-01, -4.64490E-01, -2.02696E+00, 3.48665E-01, -7.86834E-01, 2.23190E-01, -8.07035E-01, -4.04176E-01, 2.34145E+00, -9.66401E-01, 7.56102E-01, 1.52925E+00, 1.24129E+00, -1.52060E-01, 7.97387E-01, 1.74992E+00, -5.61235E-01, 1.39166E+00, 2.03544E+00, -2.76401E-01, -1.06461E+00, 1.47472E-01, 3.01833E-01, -4.72232E-01, 1.19955E+00, -2.55508E-01, -5.48591E-01, 6.59722E-01, 2.81980E+00, -1.17405E+00, 1.58427E+00, 2.68387E+00, 1.23921E-01, -1.73974E+00, 2.36050E+00, 2.09892E+00, -1.17716E-01, 1.71887E+00, 2.27817E-02, 2.46245E-01, 6.89026E-01, 2.10902E-02, -6.99629E-01, -5.77124E-01, 9.07425E-01, 2.29057E+00, 1.08407E+00, -9.02036E-01, -9.72880E-01, 8.03563E-01, 9.85779E-01, 5.06521E-01, -5.78427E-01, 4.68407E-01, -1.04784E+00, 1.95281E+00, 1.43033E-01, 7.05472E-01, 2.00303E+00, -6.03173E-01, -5.57066E-01, -5.56204E-01, 1.13296E+00, -4.73921E-01, -5.87735E-02, -5.18340E-01, -1.16811E+00, -1.35560E+00, 1.15618E+00, -2.00599E+00, 4.54573E-01, -2.40834E-01, 1.59095E+00, 7.74625E-01, 1.63407E-01, 1.04484E+00, -1.30669E+00, -1.18930E-01, 1.00700E+00, -7.30749E-01, -5.26090E-01, 2.43178E-01, 1.28771E+00, -2.10860E+00, -9.59873E-01, -2.09154E+00, 2.38422E-01, 8.60800E-02, -2.98135E-01, -1.85144E+00, 5.34126E-01, -8.62855E-01, -6.89733E-01, -7.03468E-01, 2.98744E-01, 8.73242E-01, 1.23393E+00, -6.84401E-01, 1.14614E-01, 1.69968E+00, -6.09829E-01, -4.32301E-01, -6.40225E-01, -6.78016E-01, -4.65811E-01, 5.27523E-01, 7.77617E-01, -1.73241E+00, 1.58672E-01, -8.43908E-01, 4.99326E-01, -3.13853E-01, 7.15749E-01, -7.45152E-01, -1.66565E+00, -1.09619E+00, 1.08630E+00, -5.05851E-01, -4.74605E-01, 3.04137E-01, 7.35268E-01, -1.04535E+00, 2.84799E-01, 1.03707E+00, -1.78871E+00, 9.54409E-01, -8.02925E-01, 2.91743E-01, -3.68437E-01, -1.92072E+00, -2.48596E-01, -1.88869E-01, 2.05063E-01, 7.57148E-01, -1.74486E+00, 4.28527E-01, -1.72955E+00, -1.00550E+00, 1.91080E-01, -1.75396E+00, 2.48886E-01, -4.61155E-02, -1.61649E+00, 6.18566E-01, -1.55541E+00, -6.14694E-01, -7.17349E-01, 2.48557E-01, -4.66730E-01, 2.65107E-01, 1.47026E-01, 7.46364E-01, -1.48862E+00, -4.98045E-01, -1.33303E+00, 9.07142E-01, -9.46833E-01, -5.72189E-01, 1.82726E-01, 1.42947E+00, 5.74600E-01, 3.13324E-02, -6.10075E-01, 4.99122E-01, 2.00602E-01, 1.37831E+00, -7.85428E-01, 2.03914E-01, 1.79618E+00, -2.76703E-02, -9.07123E-01, 1.51500E+00, 2.25932E-01, -5.98325E-01, -1.11229E+00, -1.78865E+00, 1.18982E+00, 1.80004E-01, -1.23391E-01, 1.98804E+00, 1.06563E+00, 1.00527E+00, -7.13161E-01, -8.73918E-01, -2.39634E-01, -3.76138E-01, 2.22841E+00, 5.53790E-01, 3.97894E-01, 1.08840E+00, -5.39480E-01, -9.89098E-01, 1.76679E+00, -1.23286E+00, -1.36076E+00, -7.39427E-01, -6.04155E-01, -4.38721E-01, 1.94657E-01, 6.71174E-01, -6.60006E-03, -1.12816E+00, 1.29820E+00, -8.25512E-01, 1.98687E-01, -6.82857E-01, -8.10772E-01, -4.57630E-01, -5.81773E-02, 9.32893E-01, -5.59516E-01, -5.64368E-01, -3.66121E-01, 1.14510E+00, 9.34386E-01, -1.25316E-01, 1.05772E+00, -8.74807E-01, 1.84892E-01, 4.04435E-01, 7.60654E-01, 6.75999E-01, -1.03787E+00, 3.35269E-01, 8.48117E-02, 1.12597E-01, 1.13233E+00, -1.18350E+00, -1.33399E+00, -1.35839E+00, -7.87056E-01, 1.74910E+00, -4.83740E-01, 1.23370E+00, 4.10588E-01, 9.38651E-01, 1.10054E+00, 8.70457E-01, 1.18461E+00, -3.77922E-01, -1.13082E+00, -2.93385E-01, -1.55783E+00, -5.37454E-01, 6.19313E-01, 2.15369E-01, 1.69956E+00, 3.52003E-01, -7.67040E-01, -5.86025E-01, 4.85078E-01, -4.72884E-01, -1.17257E-01, -1.13582E+00, -5.91306E-01, -7.14660E-01, 1.90120E+00, 6.00140E-01, 8.72464E-01, -1.32980E+00, -3.45886E-02, -1.18496E+00, 1.58478E+00, 1.67583E+00, -1.07762E+00, 1.07572E+00, 8.28231E-01, -7.04852E-01, -8.83600E-01, -2.19376E+00, -7.94993E-01, 1.35195E+00, -1.98946E+00, -8.87152E-01, -2.90115E-01, -4.28743E-01, -1.06244E+00, 1.38818E+00, 9.66921E-01, -3.03377E+00, 2.06646E-03, 4.29117E-01, -4.87829E-01, -1.33661E+00, 8.58859E-01, -9.40384E-02, 9.44760E-01, 6.34620E-01, 8.22368E-01, -7.89373E-02, 1.33449E+00, -4.39774E-01, -5.02152E-01, 1.23075E-01, 1.62826E+00, -1.37881E+00, -1.64999E+00, -1.05433E+00, -6.00281E-01, 1.32635E-01, -6.48409E-01, 8.20842E-03, -3.80296E-01, 1.02168E+00, -6.64283E-01, -5.48308E-01, 7.52671E-03, 7.14179E-02, 1.43798E+00, 1.74652E+00, 4.26887E-01, 1.33294E+00, 7.37617E-01, -9.18330E-01, 9.77194E-01, -4.61121E-01, -2.41239E-01, -9.11510E-01, -2.29600E+00, 1.72579E+00, 1.24765E+00, 6.40072E-01, -1.51932E+00, -1.83924E+00, -1.68448E+00, -1.93376E+00, 9.33169E-01, 8.06363E-01, -7.52104E-01, -3.76007E-01, 1.78099E+00, 7.31405E-02, 8.63011E-01, -2.24058E+00, 1.03661E+00, -2.07267E+00, 2.00949E+00, -6.26322E-01, -1.88047E+00, -5.92069E-01, -4.77416E-01, -3.16017E-01, -1.57349E-01, 8.04308E-02, 1.87550E-01, 3.86480E-01, -1.79686E+00, 6.40137E-01, -1.15109E+00, 7.62224E-01, -3.72745E-01, 7.82964E-01, 4.48385E-01, -1.64360E+00, 1.17435E-01, 7.09033E-01, 1.93392E-01, -1.12269E+00, 2.68336E-01, 1.50351E+00, -2.17101E+00, 3.26926E-01, 1.40975E+00, 5.16338E-01, -6.40157E-01, 1.76162E-01, 1.45372E+00, -8.61210E-01, 1.59701E+00, -3.60418E-03, 1.28557E+00, -1.04469E+00, 1.97825E-01, 1.60902E+00, 8.03274E-01, -6.88972E-01, -7.28341E-01, 1.12644E+00, 1.08947E-01, -1.68783E+00, 7.23009E-01, 2.33064E-02, 1.14692E+00, -3.48133E-01, 7.93924E-01, -4.61128E-01, 1.25963E-01, -8.44874E-01, -2.04424E+00, -1.86081E-02, -3.11915E-01, -9.41954E-01, -1.52035E-01, -1.34255E+00, -2.14298E+00, 4.26122E-01, -1.11876E+00, 4.70006E-02, 4.50743E-01, -2.66838E-01, -3.06838E-01, 1.86602E+00, 5.16956E-01, -2.16270E+00, 1.36448E+00, 2.90275E-01, 1.95360E-01, -1.65677E+00, 1.34434E+00, 4.77933E-01, -6.94115E-03, 7.78489E-01, -2.98963E-01, 1.15233E+00, 1.37657E+00, 6.17291E-01, -1.14557E+00, -9.47413E-01, 1.31990E+00, 2.86613E-02, -1.79654E+00, -6.16012E-01, -1.71624E+00, 4.50493E-01, 1.24906E+00, -1.50447E+00, 1.40694E+00, -2.18249E-01, -1.08434E+00, -9.36646E-01, -6.34660E-01, 5.06803E-02, 3.40316E-01, 2.15989E+00, -1.03151E+00, -5.86882E-01, -3.83264E-02, 1.24175E-02, 8.97029E-01, 5.87098E-01, -1.46038E+00, -6.47852E-01, -1.25222E+00, -1.44009E-01, 5.04864E-01, 1.20329E+00, -1.65094E-01, 8.34079E-01, -9.28695E-01, 1.09103E+00, -1.18729E+00, 1.15619E+00, -1.04065E+00, -4.70767E-01, -4.06853E-01, -4.21144E-01, 1.51509E-01, -2.05706E+00, 1.08913E+00, 1.23863E+00, 1.76647E+00, -1.24155E+00, -5.11039E-01, -2.22113E-01, -5.91976E-01, 1.03671E+00, 8.88169E-01, 4.95491E-01, 1.65674E+00, 6.60806E-01, -3.80566E-01, -1.47161E-01, -7.94616E-01, -1.11300E+00, 5.03953E-01, 3.09846E-01, -8.83139E-01, 8.55060E-01, 6.32996E-01, -1.71373E+00, -1.52940E+00, -7.77041E-01, 4.38548E-02, -5.56274E-01, -1.27100E+00, 8.99095E-01, 9.60000E-01, 1.94948E+00, -8.14663E-02, 8.51605E-01, 4.91758E-02, -9.16444E-01, 1.54860E+00, 4.48926E-01, -6.16464E-01, -4.42673E-02, 2.62586E+00, 1.39065E+00, -3.13235E-01, -9.08254E-01, -1.16283E+00, 1.13260E+00, 3.45708E-01, -1.09939E+00, 2.94363E-01, -1.02295E+00, 5.12276E-01, -8.85499E-01, -1.75933E+00, 1.20707E+00, -1.32769E-01, 1.06114E+00, -7.59463E-01, -1.46453E+00, 1.58904E+00, 9.98748E-01, -5.42423E-01, 9.82372E-01, 8.96060E-01, 2.27807E+00, 5.62044E-01, 1.31750E-02, -1.25325E+00, -3.49981E-01, -1.13679E-01, 5.21573E-01, 1.60508E+00, -1.19194E-01, 1.53648E+00, 1.19761E+00, 3.96341E-01, -2.24632E-01, 8.07880E-01, 1.93030E+00, -2.95789E-01, -5.36851E-01, 9.37904E-01, 1.00028E+00, 8.83652E-02, 