list(beta0=c(2.08150E-01, -6.26094E-01, -1.45033E+00, -2.96439E-01, 4.94121E-01), beta= structure(.Data= c(-2.03783E+00, -1.37918E+00, 6.88171E-01, -2.16337E+00, 6.95307E-01, -1.95071E+00, -5.75190E-01, 1.21267E-02, 1.12005E-02, -2.22589E-01, 5.55230E-01, 8.54727E-01, 2.70128E-01, -8.23692E-01, 1.00259E+00, 9.47413E-01, 6.41564E-01, 4.86249E-01, 6.09609E-01, 6.11872E-01, 4.73837E-01, -1.11953E+00, 1.25565E+00, 5.54548E-01, 1.36664E-01, 2.38571E-02, -9.11132E-01, -2.75963E+00, -4.08952E-01, -5.49614E-01, -1.73509E+00, -1.00281E+00, -5.13002E-02, 4.05673E-01, -9.46336E-03, 1.84406E-01, -8.51074E-01, 1.05767E-02, -2.16445E+00, -2.10089E-01, 4.09390E-02, 7.71189E-01, -4.90921E-01, -1.87858E+00, 3.79409E-01, -1.09544E+00, -6.47149E-01, -3.38601E-01, 9.52561E-01, -1.54259E-03), .Dim=c(10, 5)), u= structure(.Data= c(-6.39310E-01, 3.57756E-01, 4.61198E-01, -5.75671E-01, 2.60385E-01, 2.12524E+00, 3.63538E-01, -1.12086E+00, -1.25396E+00, -1.62977E-01, -2.03532E+00, -1.19367E+00, -1.22642E+00, 6.48587E-01, -4.23832E-01, -2.29926E-01, -1.03627E+00, 9.95397E-01, 1.84720E+00, 1.07743E-01, 1.13372E-01, 1.18011E+00, 1.04019E+00, 8.75134E-01, 6.26549E-01), .Dim=c(5, 5)), inv.sigma.squared=c(2.64244E-03, 7.75298E-02, 3.47460E-11, 2.17593E-06, 1.39495E-04), inv.tau.squared=c(1.19552E-04, 4.74841E-10, 6.49364E-01, 3.52564E-03, 1.96394E-04), inv.gamma.squared=c(9.57166E-02, 2.34059E-07, 2.48415E+00, 7.79263E-04, 6.69319E-11))
