list(beta0=c(-8.30893E-01, 7.99424E-01, 1.62254E+00, 1.30280E+00, 9.62394E-01), beta= structure(.Data= c(-1.67409E+00, 1.24449E-01, 6.18438E-02, 4.71443E-01, -1.89956E+00, 1.27808E+00, 2.74222E-01, 1.26719E+00, -3.05678E-02, 1.35957E+00, -1.50253E+00, 7.76075E-02, 1.09561E-01, 1.72142E+00, -3.98921E-01, 6.71948E-01, -7.10064E-01, -3.55407E-01, -1.20775E+00, -1.43801E-01, 1.56366E+00, 7.67826E-01, 4.56429E-01, -7.67238E-01, 1.50017E+00, 4.38318E-01, -4.37925E-01, 3.28517E-01, -8.43806E-01, 1.24466E+00, -2.54945E-01, -4.32630E-02, 1.27766E+00, -7.91917E-01, -5.16486E-01, -5.39148E-01, 8.26343E-01, -3.56199E-01, -6.00663E-02, 7.98394E-01, -1.76529E+00, 1.28716E+00, -1.35354E+00, 4.66292E-01, 9.42832E-02, -1.59547E+00, -7.55460E-01, 5.44616E-01, -1.21337E+00, -1.25879E+00), .Dim=c(10, 5)), u= structure(.Data= c(2.02209E+00, -8.68456E-01, -6.21382E-01, -9.75072E-01, 8.81685E-01, -3.79814E-01, -6.28736E-01, -2.88060E-01, 7.39907E-01, -5.85637E-01, -1.62904E+00, -9.87784E-01, 1.18514E+00, 3.76627E-01, -1.18655E+00, 7.07390E-01, -8.20431E-01, -7.43329E-01, -3.34630E-01, -6.40497E-01, 4.20602E-01, -2.67241E-01, 1.26756E+00, -3.11477E-01, -6.28199E-01), .Dim=c(5, 5)), inv.sigma.squared=c(4.06393E-02, 2.65873E-05, 4.30178E+00, 3.51980E-04, 1.06581E+00), inv.tau.squared=c(9.15619E-01, 2.29724E+00, 4.83913E-04, 5.76899E-12, 2.80312E-01), inv.gamma.squared=c(3.73417E+01, 4.59006E-08, 1.35364E+00, 1.38357E-02, 4.92686E-09))
