list(beta0=c(2.08671E+00, 1.04413E+00, -2.71527E-01, 1.03975E+00, 5.98132E-01), beta= structure(.Data= c(-4.29979E-01, -1.95722E-01, -1.11084E+00, 8.26285E-01, -2.01507E+00, -1.16221E+00, 1.34342E+00, 1.03637E+00, -7.99548E-02, -3.08403E-01, 5.26818E-01, 1.06275E+00, -1.09820E+00, 1.97159E+00, 1.40632E+00, -1.01752E+00, -1.88873E+00, -1.57012E+00, -7.38319E-01, -7.74633E-01, 2.98401E-01, 7.91632E-01, -6.56341E-01, 1.31377E+00, 1.84236E-01, 3.49988E-01, 1.77592E+00, 4.29080E-01, -1.33126E+00, -1.12165E+00, -2.00909E+00, 5.63964E-01, -9.20908E-01, 1.14329E-01, 9.36072E-01, -2.92090E-01, 1.89685E+00, -1.68952E+00, -8.88083E-01, 6.67662E-01, -1.08443E+00, 9.36258E-01, 8.74973E-02, -8.06790E-01, 3.63903E-01, 1.29659E+00, -5.08519E-01, 2.32189E-02, -2.87700E+00, -5.02786E-01), .Dim=c(10, 5)), u= structure(.Data= c(-2.69080E-01, 2.00207E+00, 3.96745E-01, -2.85866E-02, -1.91053E+00, -6.29636E-01, 1.32612E+00, -8.10435E-01, -1.78677E-01, -2.13831E-01, -5.39456E-01, 8.16246E-01, -9.02269E-01, 8.97495E-01, -1.96366E-02, 4.69244E-01, -7.99972E-01, -4.76398E-01, 3.14983E-01, 3.51666E-01, 2.43096E-01, 1.06559E+00, -1.88314E-01, -2.05903E+00, -2.46118E-01), .Dim=c(5, 5)), inv.sigma.squared=c(1.15714E-03, 3.76828E-03, 4.16395E-02, 1.34746E+00, 1.33397E+00), inv.tau.squared=c(9.51150E-04, 8.01918E-03, 8.11107E+00, 1.29013E-15, 5.57939E-06), inv.gamma.squared=c(3.96279E-08, 1.93826E+01, 7.68615E-04, 1.90770E-01, 1.26669E-03))
